Datum;utc;min;ort1;dir;ff;g3h;tl;rr;sy;rain6;rh;sy2;rain3;g6h;
20120618;00;00;;;;;;;;;;;;;
20120618;03;00;;;;;;;;;;;;;
20120618;06;00;;;;;;;;;;;;;
20120618;09;00;;;;;;;;;;;;;
20120618;12;00;;;;;;;;;;;;;
20120618;15;00;;;;;;;;;;;;;
20120618;18;00;;;;;;;;;;;;;
20120618;21;00;;;;;;;;;;;;;
20120619;00;00;;;;;;;;;;;;;
20120619;03;00;;;;;;;;;;;;;
20120619;06;00;;;;;;;;;;;;;
20120619;09;00;;;;;;;;;;;;;
20120619;12;00;;;;;;;;;;;;;
20120619;15;00;;;;;;;;;;;;;
20120619;18;00;;;;;;;;;;;;;
20120619;21;00;;;;;;;;;;;;;
20120620;00;00;;;;;;;;;;;;;
20120620;03;00;;;;;;;;;;;;;
20120620;06;00;;;;;;;;;;;;;
20120620;09;00;;;;;;;;;;;;;
20120620;12;00;;;;;;;;;;;;;
20120620;15;00;;;;;;;;;;;;;
20120620;18;00;;;;;;;;;;;;;
20120620;21;00;;;;;;;;;;;;;
20120621;00;00;;;;;;;;;;;;;
